GATA2	FLT3	CD99	GATA1	MME	LTB	MPO
Data_1	-0.445018247374538	-0.148294913657202	-0.210980379136154	-0.635082255225613	-0.482524498934012	0.191279023835316	-0.210734100751395
Data_2	-0.325531339787186	-0.189407449817239	-0.887183716249392	-0.386912461696262	-0.482524498934012	-0.758816070462808	-0.134005993143475
Data_3	0.152091698728058	-0.184757309818547	-0.605291845295409	-0.635082255225613	-0.482524498934012	-0.655047433238835	-0.276470060384968
Data_4	0.174565033532412	-0.344224158169713	0.0948944121596528	0.0537937896165688	0.169141827672089	-0.217204220642266	-0.111771406609791
Data_5	-0.219921603325543	0.301008859538811	0.312941280021422	-0.54419051950729	1.23874547002537	0.123193781702405	-0.357910157724808
Data_6	0.537923322922487	-0.257835264280904	-0.911583650003815	-0.0457712350440196	-0.482524498934012	-0.798260324955662	-0.290605736571454
Data_7	0.519791798870629	-0.234097908327013	-0.72232407757097	0.0611494944415746	-0.0207597380133141	-0.627671335383778	-0.310542170227548
Data_8	-0.253260565397919	0.0272720301597494	0.267411845837033	-0.13099970454409	-0.482524498934012	-0.461519529441295	-0.357910157724808
Data_9	0.32210662176859	0.36090250769375	-1.23701657211468	-0.552943747333382	-0.482524498934012	-0.866565664616072	-0.284535241241913
Data_10	0.426483625720736	-0.418787543257526	-0.897532094216361	-0.213788659220118	-0.482524498934012	-0.48939699839003	-0.357910157724808
Data_11	-0.445688179853831	0.24967398087106	-0.00176428836066094	-0.635082255225613	-0.192816684292315	-0.303771410261738	-0.357910157724808
Data_12	0.0241764657263471	0.821422831275402	-0.853326034639716	-0.556024525716402	-0.482524498934012	-0.183825740283586	-0.357910157724808
Data_13	-0.4975678916998	-0.23386949403876	-1.11900026897372	0.37483729326173	-0.482524498934012	-0.676891061518538	-0.357910157724808
Data_14	0.369014893873605	0.858096370221517	-0.212520925177235	-0.397137367871639	-0.482524498934012	-0.170330944663594	-0.250178219421776
Data_15	0.020844469963347	-0.231412314875363	-0.243417826404858	1.36141501559345	-0.482524498934012	0.21994105643445	0.261286703011907
Data_16	0.0798995252484643	0.31671410945134	0.33187492398401	-0.635082255225613	-0.482524498934012	-0.215258621180106	-0.357910157724808
Data_17	-0.303404195283825	-0.0129041817288094	-1.38214639651305	-0.635082255225613	-0.482524498934012	-0.685375797517757	-0.243363545297217
Data_18	0.0953523021327674	-0.676574258340701	-1.06474581103558	-0.0217532883609688	-0.482524498934012	-0.760153115270739	-0.357910157724808
Data_19	0.135886505729058	0.333890845779976	-0.106339903479785	-0.635082255225613	-0.0767420457980141	-0.422945366188519	0.00846419090489268
Data_20	-0.0854989051096521	0.488599432691625	0.432555442771062	-0.635082255225613	-0.482524498934012	0.381314764125621	-0.357910157724808
Data_21	-1.12683745405313	0.313907978433673	0.163103139118743	-0.635082255225613	-0.190626309397539	0.273131889050594	-0.357910157724808
Data_22	0.091903060313901	0.409882334187889	0.0147313589866608	-0.484281263993062	-0.482524498934012	0.277789410207422	-0.210274882479021
Data_23	-0.436287612995409	0.449367322406438	0.0397234229227604	-0.635082255225613	-0.482524498934012	0.545056355812057	-0.357910157724808
Data_24	-0.36596407785034	0.65471249883408	-0.278722448122313	-0.379799788726533	-0.482524498934012	0.435290858459258	0.0488690491632313
Data_25	-0.980993953463149	0.895111541831537	-0.451820287740109	-0.635082255225613	-0.482524498934012	0.414308206934087	-0.357910157724808
Data_26	-0.449076604208073	0.549656732388339	-0.115000514612747	-0.635082255225613	-0.482524498934012	0.594629690195077	-0.357910157724808
Data_27	-0.390114044343276	0.18137788990992	-0.0573345172206354	-0.635082255225613	-0.212544433698982	0.364377643918885	-0.357910157724808
Data_28	-0.280118738014311	1.12293141390938	-0.191976149497784	-0.089445695510516	-0.0992157121557842	0.506978720472035	-0.241727893604764
Data_29	-0.549807304675999	0.618777097456663	0.727986136253961	-0.635082255225613	-0.482524498934012	-0.332562045855129	-0.357910157724808
Data_30	-0.4166009888587	0.736013572137545	-0.333887679236021	-0.635082255225613	0.133806205282136	0.460261410761963	-0.305139806348168
Data_31	-0.187986948131735	1.04278419637785	-0.140777599054558	-0.531115887588675	-0.147373459153326	0.0223775932630743	-0.357910157724808
Data_32	-0.131193937400192	1.00488525556195	-0.296246470375326	-0.499452542965235	-0.482524498934012	-0.2773474691942	-0.170809068472775
Data_33	-0.289040162500343	0.965559232998207	0.48320986210242	-0.635082255225613	0.359736865738613	-0.0281601336205201	-0.357910157724808
Data_34	-0.751061954714894	-0.830177713589737	-0.0991083569239566	-0.352076904861959	-0.482524498934012	-0.184401237796004	-0.120685106058708
Data_35	-1.10153838530812	1.3378800007266	-0.105165448738156	-0.635082255225613	-0.482524498934012	-0.339694760754901	-0.357910157724808
Data_36	-0.338868709830539	0.564546791892535	-0.294944466287615	-0.635082255225613	-0.372120952723709	0.0258754608399805	-0.284359482021652
Data_37	-0.57213423512599	1.81534792291592	-0.223957225864796	-0.635082255225613	-0.482524498934012	0.527325419485563	-0.357910157724808
Data_38	-0.287066468679762	0.270990614327312	-0.000342633286322095	-0.340453505211386	-0.482524498934012	0.744348053595348	-0.106567115982433
Data_39	-0.230935222859972	0.671194416426391	0.452751099678122	-0.581996472159406	0.0984490169214188	0.694842214911963	-0.215086224345401
Data_40	-0.609833844898492	1.11070799908434	0.427662081107581	-0.635082255225613	-0.482524498934012	0.0337361333506495	-0.357910157724808
Data_41	-0.643714061874171	0.995976965733913	0.462172022112563	-0.459901369139205	0.43542202021465	-0.687952701456581	-0.0180978315680762
Data_42	-0.383608444355515	0.5694464613609	0.801353583793601	-0.577194952913432	-0.482524498934012	0.963919936320897	-0.357910157724808
Data_43	-0.65953862124044	1.23480617553513	0.968144505077225	-0.391839236759702	-0.482524498934012	-0.866565664616072	-0.283636667668933
Data_44	-0.534456820776123	0.625279115652176	0.454829751433403	-0.635082255225613	-0.482524498934012	0.63514780034331	-0.337773151167751
Data_45	-0.456958816464503	0.239893893565159	0.385005025114343	-0.635082255225613	0.80795795049141	0.448407770846308	-0.207743127595353
Data_46	-1.08966691349979	-0.0274746804178902	0.595084896432929	-0.635082255225613	-0.482524498934012	-0.577873734142065	-0.357910157724808
Data_47	-0.15525437606922	0.429343696431314	0.236102038338592	-0.53357084061957	-0.482524498934012	-0.0116161964379207	-0.156605555506453
Data_48	-0.958777413215351	0.159621967204399	0.388872741410043	-0.635082255225613	-0.0733697963280438	0.566402213540205	-0.311631536742152
Data_49	-0.476517179889788	0.235592617124163	0.685898212350015	-0.635082255225613	-0.482524498934012	0.0593538760210524	-0.357910157724808
Data_50	-1.14685627231141	0.49187609660817	0.82320401470332	-0.635082255225613	-0.482524498934012	-0.0775986236096157	-0.357910157724808
Data_51	-0.688020588285458	-0.0485009817106075	0.148769986785322	-0.635082255225613	-0.137059788416286	0.535962598801057	-0.266178933234985
Data_52	-0.450549452875609	0.93215081963408	0.782571928775018	-0.635082255225613	-0.312645055372854	0.225047664242678	-0.24089990389308
Data_53	-0.604605450119965	0.263894807804506	0.456600280711185	-0.635082255225613	-0.482524498934012	0.0160621367937418	-0.331654706052807
Data_54	-0.426674909482042	0.472283466045279	0.389756964583729	-0.435028407211325	-0.128967295029478	0.766816296205137	0.0156842023643172
Data_55	-0.703528217585192	0.959399322327863	1.00531080001765	-0.635082255225613	-0.482524498934012	-0.44413282412492	-0.357910157724808
Data_56	-0.353573118356085	0.249791482971085	1.27999562019443	-0.333546315630374	0.584700828018341	-0.0129398647617204	-0.163555971739278
Data_57	-0.950425699137208	0.660802618769329	0.264158156952194	-0.635082255225613	-0.0373644445463994	-0.0641586666435593	-0.227820427125385
Data_58	-0.522554590001581	0.65459390900932	0.563686945062209	-0.635082255225613	-0.482524498934012	0.837306347721982	-0.357910157724808
Data_59	-0.603738219683296	1.06438590412006	0.912318282949975	-0.635082255225613	-0.482524498934012	-0.043549662680833	-0.357910157724808
Data_60	-0.432201020084805	0.248077320623806	0.644156780166478	-0.635082255225613	-0.0485005591034389	0.458542416476708	-0.357910157724808
Data_61	-0.188943122613478	-0.712041243219619	0.766139154586044	-0.635082255225613	-0.0952637039803774	-0.866565664616072	5.15897447741323
Data_62	-0.613096530338603	1.08463709109917	0.925205198420181	-0.635082255225613	-0.482524498934012	-0.0970067561610616	-0.357910157724808
Data_63	-1.13675400884307	1.42716586785876	1.25647284881002	-0.635082255225613	-0.482524498934012	-0.657849638955091	-0.357910157724808
Data_64	-0.570580059980288	1.48168757282999	1.07177317051745	-0.635082255225613	-0.482524498934012	0.889028447323839	-0.0226374575992853
Data_65	-0.108635367615694	0.780344025101737	1.48517349958676	-0.635082255225613	-0.482524498934012	-0.341114336938487	1.74179644521206
Data_66	-0.564899871224032	0.0851731757074896	1.16655378969982	-0.499378742558324	0.11732745229692	-0.412086965421672	-0.299980566807485
Data_67	-0.650579891496865	-0.555022295647474	1.25832089931955	-0.635082255225613	-0.482524498934012	-0.866565664616072	-0.357910157724808
Data_68	-0.358403066900641	0.571259727520638	1.49112989212778	-0.635082255225613	-0.482524498934012	-0.866565664616072	1.85188929151192
Data_69	-0.692800797431097	1.2140166774469	0.660271320497181	-0.635082255225613	-0.482524498934012	0.0740288556171365	-0.283423319946314
Data_70	-0.780238349059925	-0.865656860962183	0.665708544169445	-0.635082255225613	-0.482524498934012	-0.866565664616072	2.63643467741597
Data_71	-1.49836194303966	0.867230545770804	0.48670978830238	-0.0750298541543505	-0.255737801896171	-0.347333917432868	0.000595880018712371
Data_72	-0.619150082670983	-0.702941411039675	0.994065141624869	-0.635082255225613	-0.482524498934012	-0.463632321533702	4.24278230222316
Data_73	-1.33869971228629	-0.939210943233237	1.28811509013379	-0.235020419204548	-0.482524498934012	-0.866565664616072	4.37734638489349
Data_74	-0.942032724815061	-0.357323267032111	0.956062502628178	-0.635082255225613	-0.482524498934012	0.0295257891850753	-0.357910157724808
Data_75	-1.21084404327484	1.39645099167435	0.77303850454631	-0.379264638675913	0.239072759429265	-0.170965209012508	-0.357910157724808
Data_76	-1.29783633909995	-0.938596767214831	0.982332894547576	-0.635082255225613	-0.482524498934012	-0.259070922710173	1.36071165077598
Data_77	-0.47803014347707	-0.21601338568505	0.702439673913224	-0.635082255225613	0.463359210083853	-0.739452390846105	5.67260401440846
Data_78	-0.780888806206614	0.0374800075411723	1.04104815272019	-0.635082255225613	-0.482524498934012	-0.45763729314356	3.36761873914452
Data_79	-1.02054185360023	1.13528677033137	0.881066854405312	-0.635082255225613	-0.482524498934012	-0.866565664616072	-0.357910157724808
Data_80	-0.447899226220045	1.2048356961724	1.56277383046606	-0.635082255225613	-0.482524498934012	-0.386998051384777	2.25896093725832
Data_81	0.746601267607526	-1.77305042781261	-1.65980193388893	1.68282272707869	-0.482524498934012	-0.0629623859958548	-0.357910157724808
Data_82	1.10279136554716	-1.16916705636354	-1.39577717927294	2.81986500893556	-0.482524498934012	-0.329485554365986	-0.357910157724808
Data_83	0.576050558779515	-2.07656901990668	-1.49960967072525	2.01664470921111	-0.482524498934012	-0.866565664616072	-0.141463574823562
Data_84	1.45741620395875	-1.34981921477484	-1.47703836983139	1.07596314947749	-0.482524498934012	-0.789866838205599	-0.26761314500209
Data_85	1.17683577643815	-1.9149046033254	-1.41923636960708	3.15748337334471	-0.482524498934012	-0.866565664616072	-0.270198660521216
Data_86	1.15688568370511	-0.969592030039754	-1.33188402887419	1.44575966587738	-0.482524498934012	-0.627851062848078	-0.294702816160732
Data_87	0.517309527923559	-2.07656901990668	-1.58802943241394	1.79270708060978	-0.482524498934012	-0.866565664616072	0.0683626610917182
Data_88	0.981038058741287	-1.11637021711261	-1.10746114096584	0.362744965535253	-0.482524498934012	-0.553556161027648	-0.166651287344356
Data_89	1.04908599072495	-1.26691067917207	-1.61162530424768	0.518574281903061	-0.482524498934012	-0.499103215268011	-0.290577022366974
Data_90	0.2832968872142	-1.42059303663535	-1.71989583465291	-0.206073214276022	-0.482524498934012	-0.496482774403708	0.0425016381911213
Data_91	0.386358989456396	-0.407235122234965	-0.494974372106425	1.79998386712332	0.0417815822965127	-0.592981733113546	-0.357910157724808
Data_92	1.16863615434912	-0.616511450783116	-0.857013161179969	0.670452958546727	-0.482524498934012	-0.795449391305575	-0.261018856843791
Data_93	0.655009399262006	-1.55054172740583	-1.34133128113177	1.04778919075844	-0.482524498934012	-0.545854442142642	-0.357910157724808
Data_94	1.27849411871576	-1.73777761376933	-1.80615896534964	2.01355281800063	-0.482524498934012	-0.866565664616072	-0.1491208721221
Data_95	0.581589062512943	-1.63527828338796	-2.07226157734271	3.03331766291734	-0.482524498934012	-0.866565664616072	-0.228907967327358
Data_96	0.950083732500037	-2.07656901990668	-0.586578154017098	3.2096322192015	-0.482524498934012	-0.866565664616072	-0.0311635448370603
Data_97	1.37586769456152	-1.0319926269629	-1.19640333109991	1.26569930682955	-0.482524498934012	-0.715609086441943	-0.357910157724808
Data_98	1.45503844110723	-0.919512304533963	-1.18713565350808	1.89413123471523	-0.482524498934012	-0.627304607226772	-0.357910157724808
Data_99	0.274308300276058	-1.52357668603428	-2.10400372453035	1.0360955377687	-0.482524498934012	-0.866565664616072	-0.357910157724808
Data_100	1.23144033935889	-1.22774257627652	-1.44104967334214	1.34286040531484	-0.337845393180415	-0.4166362815009	-0.357910157724808
Data_101	-0.872888349906161	0.684403808708225	1.36253764545054	-0.635082255225613	2.65829248611966	1.96933924714505	-0.303881155939326
Data_102	-1.45785566223525	0.945956128226384	1.26487078819114	-0.635082255225613	3.16288351654023	1.54468696779521	-0.357910157724808
Data_103	-1.03553379730811	0.708742157443829	1.49117524808309	-0.635082255225613	1.38450356971023	0.941059076973182	-0.277333447560097
Data_104	-0.862794836585418	1.18345798923286	1.04799161847825	-0.635082255225613	2.56677104871669	3.29183158261454	-0.291609008889799
Data_105	-1.2022683061866	0.620660918774564	1.2225412747771	-0.635082255225613	2.80965959460943	2.60431233432189	-0.197066758877975
Data_106	-0.584509113947707	-0.717994477243101	1.03565577636007	-0.635082255225613	0.224203208931001	0.179288821078659	-0.357910157724808
Data_107	-0.389200522244247	1.04794612296504	0.83818433328146	-0.635082255225613	1.75189946529067	0.631025300251088	-0.201928452246417
Data_108	-1.05277246049432	1.45498795038755	1.18460693501427	-0.635082255225613	1.89797457952141	1.58392320629523	-0.183063120835509
Data_109	-0.962583292384567	0.78355905449803	1.29848020046336	-0.635082255225613	4.79337295247522	4.53692110991731	-0.357910157724808
Data_110	-0.856278721744454	1.25317038151928	1.06769815737905	-0.503447956223501	0.534125314094899	1.79220807926756	-0.357910157724808
Data_111	-0.632410436756592	1.07771774970327	1.48226984182642	-0.506542126924501	2.64290605294217	2.40542289736874	-0.267460056129113
Data_112	-1.38330363099579	0.473539435539993	1.26659237502752	-0.635082255225613	0.396947681121522	1.48792708766106	-0.357910157724808
Data_113	-0.770741545934151	0.607508853934108	1.27047997718039	-0.635082255225613	1.11912819221423	2.36408660358311	-0.243189078642553
Data_114	-0.62611325966744	0.981774811621633	1.05926380020319	-0.635082255225613	2.37331090627334	1.03028902709213	0.00206826682519307
Data_115	-0.649756110501892	0.417333233067937	1.39850158542748	-0.635082255225613	1.48113719227696	2.17176597676595	-0.166040544949476
Data_116	-0.125941401862162	2.0652394360192	1.11727014111413	-0.635082255225613	-0.482524498934012	0.207730073587982	0.249696948426762
Data_117	-0.910118587099362	1.03886131263439	1.082596003538	-0.635082255225613	3.06526729188434	0.510054769175273	0.129411330262503
Data_118	-0.524812621681248	1.22362758259443	1.09491782989625	-0.571136103188779	3.23355396579346	-0.256038843311901	-0.357910157724808
Data_119	-1.04755362978846	0.773926493037253	1.14630888945367	-0.635082255225613	2.10842617227309	3.52265664956284	-0.0144489313120519
Data_120	-1.25261562627444	0.566818225221135	1.23045531294571	-0.635082255225613	3.09678839774431	3.15270002215253	-0.357910157724808
Data_121	2.38785416893107	-2.07656901990668	-2.16638710931749	1.79296566865474	-0.482524498934012	-0.617473455507193	-0.357910157724808
Data_122	2.54182395095946	-2.07656901990668	-1.23768889455178	2.06228102570703	-0.482524498934012	-0.866565664616072	-0.227808581419547
Data_123	2.16639926362628	-0.554825807454278	-1.50404731849417	2.03771444921402	-0.482524498934012	-0.866565664616072	-0.357910157724808
Data_124	2.38910115869199	-1.23181763381085	-1.1559830364854	3.11023200273078	-0.482524498934012	0.235186600285506	-0.019703442604701
Data_125	2.65058435968012	-1.45136868619178	-0.758582164277355	1.89803193719595	-0.482524498934012	-0.866565664616072	-0.357910157724808
Data_126	2.46610573192703	-1.6087240209334	-1.54568887620143	0.886046735192761	-0.482524498934012	-0.866565664616072	-0.168093391353243
Data_127	1.89199016892097	-1.08884945497727	-1.02909047320013	0.304093140336128	-0.482524498934012	-0.866565664616072	-0.357910157724808
Data_128	2.20861691321331	-1.62238986401698	-0.851160158932834	0.96551724445813	-0.482524498934012	-0.866565664616072	-0.357910157724808
Data_129	1.92098314413298	-0.840410721530543	-0.692551694725917	1.62875715119246	0.658029799078098	-0.866565664616072	-0.357910157724808
Data_130	1.84103807691995	-1.4952695722439	-0.558591383163272	1.39895580317693	-0.482524498934012	-0.866565664616072	0.300238850315689
Data_131	1.79367021052891	0.0339825760870401	-1.08342507261765	1.1790555509794	-0.482524498934012	-0.866565664616072	0.411422780137383
Data_132	1.64806890206177	-1.04493238971391	-1.69304776341841	1.01176227174247	-0.482524498934012	-0.866565664616072	-0.357910157724808
Data_133	1.89240462411615	0.119511550123343	-0.747634781454113	0.417008615334468	-0.482524498934012	-0.866565664616072	-0.276428010923575
Data_134	1.60604859505434	-1.32769577225649	-1.17429275665306	-0.635082255225613	-0.482524498934012	-0.866565664616072	-0.357910157724808
Data_135	0.949697161407317	-0.99269483297672	-0.673121475170206	0.902047197055882	-0.482524498934012	-0.866565664616072	-0.159324703389983
Data_136	1.67076468816692	-1.79450867670593	-0.684838904072038	0.226749232277898	-0.482524498934012	-0.866565664616072	-0.357910157724808
Data_137	1.43928604447405	-0.45096382837911	-0.568032217758282	0.492425726340718	-0.482524498934012	0.994335524707189	-0.357910157724808
Data_138	1.08182512108842	0.640425264732777	-0.828605802700971	0.980841491038123	-0.482524498934012	-0.866565664616072	-0.357910157724808
Data_139	0.458556150018371	-1.5714405089631	-0.105958373309075	-0.331049895558324	-0.482524498934012	-0.866565664616072	-0.357910157724808
Data_140	0.452844303655095	-0.0167202555175386	-0.373181026297312	-0.635082255225613	-0.482524498934012	-0.866565664616072	-0.357910157724808
